Strong Scaling Transpose:
  0.351351   0.383562   0.432432    0.69103   0.992814    1.58446    1.33132    1.76735    2.08398 
  0.265306   0.405797   0.576577    0.83871    1.26758    2.19963    2.02342    2.58784    3.92181 
  0.433333   0.538462   0.615385   0.945455    1.48301    2.79475    3.69366    3.71246    5.44373 
  0.433333   0.583333   0.820513    1.16201    1.64484     3.1996    3.63435    5.00162     6.7839 
      3.25      0.875    1.18519    1.57576    2.15325    3.99417    4.20828     5.6433    8.05555 

Efficiency Transpose:
   17.5676    19.1781    21.6216    34.5515    49.6407    79.2231    66.5662    88.3673    104.199 
   6.63265    10.1449    14.4144    20.9677    31.6896    54.9908    50.5856    64.6961    98.0453 
   5.41667    6.73077    7.69231    11.8182    18.5376    34.9344    46.1707    46.4057    68.0466 
   2.70833    3.64583    5.12821    7.26257    10.2803    19.9975    22.7147    31.2601    42.3994 
   10.1562    2.73438     3.7037    4.92424     6.7289    12.4818    13.1509    17.6353    25.1736 

Strong Scaling Symmetry:
  0.416667   0.736842    1.13514    1.24138    1.54926    1.64737    1.49045    1.62434    1.57057 
  0.333333   0.823529    1.27273    1.45455    2.10368    2.29359    2.23474     2.2142    2.21881 
  0.333333      0.875    1.82609    2.28571    3.22564    3.23926    3.18174    2.98094    2.55228 
  0.263158   0.666667    1.44828    2.02817    2.74672    3.57564    3.57945     3.1933     2.5793 
  0.263158   0.666667        1.5    2.28571    3.06829    3.98429    3.92098    3.76968    2.72631 

Efficiency Symmetry:
   20.8333    36.8421    56.7568     62.069    77.4631    82.3686    74.5224    81.2171    78.5285 
   8.33333    20.5882    31.8182    36.3636     52.592    57.3396    55.8686    55.3549    55.4702 
   4.16667    10.9375    22.8261    28.5714    40.3205    40.4907    39.7717    37.2618    31.9035 
   1.64474    4.16667    9.05172    12.6761     17.167    22.3478    22.3716    19.9581    16.1206 
  0.822368    2.08333     4.6875    7.14286    9.58841    12.4509     12.253    11.7802    8.51972 

Weak Scaling Transpose:
1.33709e-311
  0.178082
  0.117117
 0.0590909
 0.0257937

Weak Scaling Symmetry:
         0
  0.263158
  0.151515
 0.0793651
 0.0218341
